# r_half [kpc], M_enc(r_half) [M_sun], M_200 [M_sun], concentration
0.01420,19093.88630,129210651.48710,18.74844
0.15384,3049696.38015,2309844679.71786,12.69074
0.02190,65557.58367,113135248.54049,24.91972
0.03988,143770.47990,140057859.62162,18.52718
0.04949,151845.72598,145145301.13390,14.33770
0.08317,376183.03926,130098914.22534,13.96743
0.06693,680065.71506,699348272.94560,18.28720
0.05913,386602.29067,214782320.72533,19.61590
0.11996,2239290.05895,653235472.24426,19.83084
0.02353,36952.72821,110541256.13148,15.61181
0.01493,18054.37329,108447537.97838,17.63156
0.09362,1266555.94962,2795962617.01342,12.80457
0.07130,567495.92119,504957639.70350,16.11276
0.05669,213819.43077,105337005.16489,16.50194
0.05310,194505.34555,109263054.68320,16.68029
0.04317,122159.41817,112059756.03906,15.77642
0.05444,557077.18096,487363887.59131,22.79072
0.10119,675518.94892,191220325.44322,14.74332
0.05428,241618.68020,133174814.24487,17.90981
0.05278,472933.61471,2234021220.66676,14.82122
0.08511,822611.55958,1034044331.81264,13.77110
0.07332,458725.74557,322423511.58265,14.99692
0.06116,567841.00723,2459918983.08425,13.48132
0.03722,161146.65269,175013880.07125,20.72478
0.02206,39761.47343,167632504.73316,16.18944
0.03000,83586.60253,130320684.28014,18.91946
0.02031,34134.27575,118419309.66602,17.66449
0.02653,65822.90286,180560909.34406,17.51407
0.04256,172572.32007,111757776.25189,20.39500
0.20331,3796836.23763,306044659.18385,18.29745
0.05122,342825.01622,290226643.59492,20.18476
0.08226,550288.07707,178552731.26920,17.09798
0.02376,54708.48269,112168362.19418,19.97501
0.07805,414820.93185,110324102.45460,17.08587
0.02134,68700.45101,328121755.02917,20.80580
0.01625,17908.32374,100029620.62411,15.98613
0.03501,122388.36587,187739679.41289,18.32964
0.03659,135806.09121,100716788.28895,21.61617
0.06365,319678.04969,168960108.12264,16.59917
0.06688,537402.61209,1093599384.32718,13.97908
0.04456,245271.96016,415239279.24256,17.68445
0.30920,10195116.73070,942946570.15904,15.46363
0.06896,478521.65755,175088510.41728,19.63877
0.01174,21620.51310,165664222.65963,24.50782
0.14135,2393941.15898,550720026.33161,17.57050
0.02307,46334.44792,192044884.60045,16.39403
0.09802,853287.70036,157632120.62454,19.26739
0.03329,121871.49690,178435833.66354,19.74896
0.02525,72668.86880,287969968.00352,17.90698
0.04335,139490.29883,215799402.81345,14.62459
0.07764,587408.27091,453458283.71193,15.14388
0.05343,239521.70683,100593556.51638,19.54895
0.09622,1156917.23850,226620890.26667,22.17124
0.01317,23457.48606,140912042.75714,23.14522
0.02888,86962.30359,332345562.65058,16.38231
0.13676,1420707.16286,139175147.85858,18.82568
0.07525,453429.04121,182296383.62282,16.67496
0.04107,186495.82166,656275121.95117,14.67913
0.02059,38878.36659,133710864.46336,18.39650
0.03411,86946.11445,120839957.71971,16.73880
0.03690,182877.66701,207317527.93339,21.89577
0.05992,460987.99905,632299359.36062,16.62541
0.05051,172162.82116,109803399.58080,16.34575
0.07568,370351.69358,129434880.18277,15.70497
0.10450,1528737.04742,551357232.66741,18.99227
0.07599,675513.65647,827332254.59016,14.77531
0.09722,658894.94699,614668875.08341,11.20079
0.08303,352827.65612,173036178.19691,12.37038
0.08462,687234.23699,564330365.89053,14.24993
0.10112,853666.74774,527830361.23923,13.28980
0.07667,701439.59566,620664209.64751,16.09548
0.13785,1136891.51545,208711091.52198,13.87886
0.02794,77137.73517,133824059.56660,19.53471
0.01576,18548.04844,153372517.66886,15.45017
0.07706,732963.23267,448510792.69579,17.89040
0.23242,14108917.16981,23521941674.90808,11.88178
0.09680,1164245.79614,1716187299.05799,13.01020
0.07346,682841.21536,674873332.43850,16.37112
0.04081,174314.28127,1839811659.17579,11.09083
0.08221,546581.29869,225277540.09807,15.99785
0.03296,83715.44318,120520687.00176,17.07548
0.05916,261873.60814,246109853.35448,14.46096
0.06530,409643.35940,322351910.71205,16.16898
0.17674,6635378.22386,8097743876.32504,13.23729
0.04700,252608.22295,215497520.80835,19.73786
0.05979,382053.99934,158313777.01080,20.75032
0.08425,953063.93175,462584468.77828,18.94699
0.02236,35104.10326,224052083.38586,13.67157
0.03543,164832.93942,826347770.41151,15.56292
0.13129,2301226.95267,383976580.03806,20.87870
0.04080,180971.97260,271643948.51424,17.89401
0.08175,795808.80800,264347417.09057,20.13609
0.24006,10757045.11244,3178535896.93989,15.76589
0.04701,210393.17849,655464091.96484,13.31206
0.20568,3203772.68053,136396713.39475,21.01013
0.05553,442796.15614,777608100.60375,17.00921
0.07878,413769.02002,317032470.36093,12.71225
0.04168,194358.97905,160652227.65672,20.75461
0.03306,114599.53779,112644437.95029,21.36689
0.03100,45376.02698,116169285.94520,12.27546
0.06550,424792.75417,473111264.90931,15.00440
0.05362,247423.52800,293130331.19618,15.17488
0.01449,22387.18559,165497108.76650,19.18219
0.04497,147316.48951,183025978.79525,15.05885
0.02000,31591.47902,132269803.08770,16.67621
0.01582,25884.53065,223210130.43139,17.59827
0.05742,246827.06387,234123870.34398,14.62428
0.06725,355338.11500,196325714.47947,15.98505
0.05858,609051.18892,674116021.57557,20.35348
0.05710,442010.34355,952441962.77184,15.60162
0.02298,49659.00189,178751005.94304,17.54653
0.04694,175566.12337,158954456.59674,16.62630
0.03228,71737.59474,153792200.61594,14.89560
0.01165,6109.93238,139022485.88008,11.16960
0.03013,110413.33971,203564390.82437,20.38819
0.25949,5523907.32665,202413570.12104,20.81401
0.06510,747917.06953,2551685866.69487,14.83484
0.09747,1881165.11353,2108844792.17894,17.06198
0.09670,687110.24394,141298689.59312,17.28186
0.07876,786564.82204,2253110067.35956,12.25111
0.07255,850164.17863,1047031289.65074,17.35746
0.01728,25323.75066,313933590.56816,14.30410
0.06894,326823.34950,223745527.43172,14.09474
0.07030,264050.81656,105754181.73699,14.36375
0.03799,103285.18050,104073226.99475,16.94571
0.13761,1375648.54365,207242259.38442,16.09039
0.09318,870121.27056,275250546.94406,17.86793
0.03507,163413.64915,596549132.55968,16.91225
0.29038,13394329.88447,3070540592.89767,14.45568
0.05689,229723.71203,123028331.65527,16.58908
0.03473,165117.25605,113691397.82503,25.57473
0.05231,306895.98694,314644318.90822,17.85854
0.04766,151968.95152,152599727.33275,14.89929
0.01062,9388.12690,104343148.28111,17.99100
0.16580,3216463.38635,918479010.91128,15.24033
0.01773,35082.42466,176998576.02389,19.55652
0.04684,221533.28992,167611155.32907,19.29846
0.02614,95106.78718,442526010.22794,18.52971
0.09449,496251.87953,121234241.95204,14.66972
0.11744,1621127.86095,519812088.01345,17.24677
0.10195,862713.93945,125246112.25015,19.73686
0.03292,101164.66661,138434071.82531,18.79290
0.04530,187512.50288,128257599.62521,19.23103
0.02706,61267.75987,260670874.72048,14.92441
0.03074,105402.21983,238184623.33163,18.56140
0.03585,85248.56719,203718793.84347,13.62382
0.05135,213350.44870,163533114.33411,16.77679
0.08873,1215853.69379,336584649.44171,22.84824
0.02623,61286.87183,332334876.30050,14.70439
0.13939,1872646.12581,573124585.29282,14.81307
0.05786,710881.87104,2337951784.10563,17.08533
0.05225,250338.89231,191761818.00216,17.59062
0.04792,178893.82205,113994795.09377,17.82014
0.03959,116883.32223,414578757.84626,12.49422
0.10217,1239164.05122,310511832.23943,19.70590
0.16305,1750140.95051,511580700.25259,11.73771
0.03351,152839.98353,251084854.45377,20.99854
0.03534,105354.97901,127299688.67459,17.97274
0.05308,219384.66958,207607425.87412,15.41862
0.02532,69106.23165,117051247.56789,21.26944
0.03757,104099.25871,199610901.31171,14.75146
0.08704,932222.59035,553985283.64154,17.06345
0.24694,5603377.02655,281065378.45589,19.82763
0.01854,24564.94785,113587824.18955,16.12937
0.06035,426309.98185,146036001.66445,22.60459
0.04277,135315.05492,129342707.49878,16.53903
0.06486,301281.01872,172454261.95328,15.44667
0.03635,74242.50597,101380567.23226,14.40812
0.08617,825496.54606,326766029.22545,18.22482
0.19669,3074814.50810,134088726.69571,21.70909
0.32354,17848190.07181,15849985756.31983,9.83134
0.05516,318050.62798,138045465.94929,21.02809
0.02417,46752.75592,331156033.94184,13.66473
0.04567,198876.31175,106981969.95472,20.74510
0.01166,13039.66014,124010106.93135,19.00994
0.05746,283508.02295,124367971.95799,18.91566
0.09829,563677.82044,122119894.35144,15.24386
0.01595,29247.91149,178381823.48382,19.84630
0.10034,647126.39492,124830810.13157,16.31322
0.13156,3483697.36359,11838449057.47400,11.48557
0.16584,2056865.48231,104485760.07804,21.52163
0.03039,91853.65564,160796927.54989,18.85547
0.03966,155424.90980,124932012.41231,20.23829
0.03925,151412.09974,164611616.54852,18.82768
0.05742,378634.06055,303259966.18214,18.41736
0.01990,24017.26505,130322025.62531,14.00851
0.02789,94000.75288,232905346.69541,19.61097
0.04124,155039.19359,125154697.00239,19.19829
0.01536,31971.42391,250519687.56984,20.45355
0.39604,24719526.72575,5163829807.99465,12.84111
0.05939,399327.71255,163899928.39269,21.39058
0.06738,642878.83241,354647541.49945,20.66715
0.08595,455116.35636,181210570.20862,14.01218
0.03347,73397.69146,218141158.58380,13.26257
0.01652,15458.26387,118428512.70646,13.62920
0.06226,613699.14340,1691713231.81570,15.16619
0.03675,87168.98975,111451722.06628,15.49662
0.03206,92304.19988,114152793.53436,19.16064
0.06990,902946.99689,411612926.45732,23.94828
0.02599,49895.99763,132500865.27338,16.06415
0.08104,849811.86827,559163805.23423,17.53823
0.07959,693183.22268,711079634.16415,14.68217
0.17024,6368594.72351,6059991410.35776,14.54549
0.21073,8379149.15762,1661786278.30425,18.77898
0.02894,112148.30646,202649641.67219,21.70796
0.06793,430634.36580,281106945.46913,16.45097
0.06056,394239.17788,213869193.71984,19.29561
0.13744,1719503.34848,614585498.74748,13.92240
0.05001,475678.62005,420780896.65108,23.68462
0.13592,1302134.36190,317692780.43589,13.86067
0.03899,160125.89380,409879711.46143,15.85005
0.04825,189066.64773,141502130.21025,17.37066
0.05875,424393.24925,301183683.70020,19.35956
0.06802,462217.83424,255345844.57466,17.68233
0.22048,2961410.60367,275524487.83751,13.93647
0.03368,114778.07232,936204661.49739,12.65727
0.04695,241162.44175,664246984.56490,14.59372
0.05993,256583.98645,105042484.96065,17.44599
0.12760,1990705.49907,502556548.44366,18.07082
0.06027,436763.82744,656220272.79686,15.75947
0.03225,115509.33071,498985306.13433,15.59627
0.02827,58928.37122,164945548.72262,15.28208
0.01651,24938.58964,104716746.24432,19.29469
0.07042,338434.71447,105542248.02980,17.13151
0.03673,107136.15700,157301038.89799,16.41653
0.01555,18537.54507,163231327.63553,15.48853
0.08240,677152.02440,351476621.49169,16.50348
0.02250,58262.26645,140864774.30420,21.17134
0.06567,964809.57611,2079556395.78601,18.26365
0.25189,10853648.55434,3244616163.16158,14.79024
0.06167,466341.68954,169769950.57155,22.47925
0.04583,200074.53485,260445977.24734,16.61686
0.11245,1482416.68688,730256541.70282,15.65919
0.04386,169409.83536,175532469.60023,17.30631
0.02193,42197.31105,145179205.58285,17.55834
0.06508,330455.54597,119628661.71313,18.07395
0.06929,439491.19521,280825483.46340,16.25843
0.02229,53811.67795,517280106.51561,15.08694
0.14301,1535687.04766,143572923.96231,18.63685
0.08028,556786.59143,101889126.68871,20.83402
0.05305,209261.34772,112097305.27997,17.45911
0.22811,5551148.27600,1048087762.08631,14.24254
0.04055,144354.95215,116605106.17437,19.01856
0.06219,364718.52319,207436834.04382,17.79482
0.01643,23760.05867,107573191.64740,18.70277
0.05482,185031.03968,135572458.06002,14.60597
0.13976,2300305.25314,438100782.87518,18.49710
0.16763,4995743.95114,1699283024.72445,17.41316
0.03077,77424.77747,128309893.67320,17.45121
0.04895,172425.89045,120623940.30953,16.65247
0.08108,567229.09313,159961217.80507,18.35198
0.03169,69911.30489,216094236.25718,13.83419
0.02903,115197.62819,140623922.26999,23.99260
0.02958,84037.31181,111085420.69353,20.09475
0.05239,572116.10190,457975419.49279,24.74026
0.08327,630873.23626,309665583.23644,16.00266
0.10012,674250.49407,253634308.83634,13.81957
0.02023,29827.02691,268194010.90076,13.42562
0.03026,35164.46729,103012666.01286,10.92997
0.05085,341407.82398,634362255.14985,16.81092
0.05969,301621.97256,124830823.70746,18.77453
0.19643,4564577.60584,434748517.23323,19.69556
0.08627,943156.52236,503258225.39885,17.84203
0.08343,693405.80221,437674060.47729,15.59377
0.06106,301098.72611,275835305.75727,14.84548
0.04587,154485.02222,106117240.61473,17.36562
0.06465,403813.31311,1041722564.75506,12.15062
0.02811,78101.14742,190765162.30546,17.97898
0.05576,346674.70761,118385130.56969,22.92164
0.06322,554288.70836,926648073.77986,16.01240
0.02932,58233.55064,215165578.45039,13.55996
0.04443,228997.98943,178374894.70690,20.80997
0.01088,8904.27271,112492056.76787,16.55007
0.02454,72180.87923,195455452.82001,20.22120
0.02134,34821.54472,423642378.40032,12.48364
0.03956,138059.55674,164395638.79860,17.51293
0.15460,1361265.20189,116233988.14789,16.36387
0.03185,122337.71193,304047756.43448,18.48923
0.03853,123228.64070,300688782.54542,14.50573
0.02645,64222.39213,110228618.28720,19.43167
0.11759,643750.48008,102710738.13085,13.87732
0.21947,9615009.92316,1628413401.46142,19.79611
0.03642,92405.34483,167875623.04740,14.77651
0.04593,274212.18523,362541666.58948,18.93457
0.02649,66110.32165,465790487.06418,14.11865
0.04919,154836.32389,102718409.91504,15.99286
0.03610,137555.61770,953756847.28755,12.98977
0.03079,116553.24903,559499676.92086,16.24071
0.05438,304629.00042,130733425.50545,21.08704
0.02079,55167.01197,568304793.71264,16.45678
0.07559,537885.03852,239006406.83723,17.40307
0.11119,1113330.47852,319565257.51927,16.18430
0.13882,1395346.05075,131185609.07350,18.54803
0.02826,81372.46079,123554602.87487,20.32873
0.12098,866075.80818,110715104.45532,16.34663
0.01766,34145.83148,104039898.60762,21.78546
0.06690,692793.24630,427345405.88511,20.94342
0.02848,110546.45496,692939248.84790,16.52502
0.08180,686982.34651,452498163.85151,15.77030
0.02924,56365.25623,110918840.63655,15.58437
0.10835,785768.33516,143444916.80491,16.30997
0.03976,355567.73465,284113849.76243,28.70240
0.04104,286566.24740,335212705.70748,22.96933
0.04110,133099.56875,434768257.67378,12.84197
0.03517,111846.14433,254377955.18544,15.94914
0.06870,377708.61825,122184944.85430,18.39337
0.04325,171088.62812,258449301.73414,16.14691
0.07473,828995.02504,1762676930.45540,14.46493
0.18945,5090753.60137,967263758.45636,17.56488
0.25501,5941325.75273,737989840.16905,14.31587
0.04887,226894.12661,387826844.42200,15.10035
0.10331,1119413.49241,155214346.17217,22.04695
0.04860,183327.69714,431112205.27315,12.80569
0.07261,545792.90781,472491426.06885,15.56711
0.03434,63965.59426,114745345.81247,13.60915
0.04945,248356.59735,197554901.36158,18.65925
0.04358,153825.71346,116387366.26949,18.09073
0.10348,770127.25163,167903023.58228,16.33129
0.05478,389103.70492,531091728.14089,17.38539
0.12528,2935712.95706,3062780217.22477,15.16575
0.01952,42543.55289,244803436.95061,18.21543
0.07487,663045.61866,385942411.00999,18.01229
0.08707,636069.76038,223497927.53292,16.54342
0.17863,3358179.61902,201181903.35864,22.83402
0.01845,22856.98156,117025708.82124,15.36613
0.03217,103233.58609,172944895.89732,18.61483
